  5.2094091e-001
  5.1635112e-001
  5.1749857e-001
  5.2036718e-001
  5.2151463e-001
  5.2094091e-001
  5.1348250e-001
  5.1176133e-001
  5.1176133e-001
  5.1635112e-001
  5.2036718e-001
  5.2782559e-001
  5.2897303e-001
  5.2954676e-001
  5.3069421e-001
  5.2897303e-001
  5.2897303e-001
  5.3471027e-001
  5.3987378e-001
  5.4274240e-001
  5.4962708e-001
  5.6397017e-001
  5.8290304e-001
  6.0986804e-001
  6.4371773e-001
  6.7871486e-001
  7.0395869e-001
  6.9994263e-001
  6.6551922e-001
  6.0929432e-001
  5.5765921e-001
  5.2954676e-001
  5.2667814e-001
  5.3184165e-001
  5.2610442e-001
  5.1864601e-001
  5.0831899e-001
  4.9741824e-001
  4.8938612e-001
  4.8135399e-001
  4.6758462e-001
  4.6012622e-001
  4.5725760e-001
  4.5955250e-001
  4.6528973e-001
  4.6528973e-001
  4.6758462e-001
  4.6586345e-001
  4.7045324e-001
  4.7217441e-001
  4.7791165e-001
  4.8594378e-001
  4.9053356e-001
  4.9053356e-001
  4.9397590e-001
  5.0143431e-001
  5.0717154e-001
  5.1004016e-001
  5.0315548e-001
  4.9397590e-001
  4.8823867e-001
  4.9397590e-001
  5.0258176e-001
  5.1176133e-001
  5.1807229e-001
  5.1921974e-001
  5.2151463e-001
  5.2208835e-001
  5.1520367e-001
  5.1176133e-001
  5.1520367e-001
  5.1807229e-001
  5.1749857e-001
  5.1004016e-001
  5.0200803e-001
  4.9512335e-001
  4.9168101e-001
  4.8995984e-001
  4.9340218e-001
  4.9340218e-001
  4.9225473e-001
  4.8766495e-001
  4.8307516e-001
  4.8020654e-001
  4.8135399e-001
  4.8537005e-001
  4.8995984e-001
  4.9569707e-001
  4.9569707e-001
  4.9684452e-001
  4.9569707e-001
  4.9856569e-001
  5.0028686e-001
  5.0258176e-001
  5.0889271e-001
  5.1348250e-001
  5.1692484e-001
  5.2151463e-001
  5.2380952e-001
  5.2151463e-001
  5.2036718e-001
  5.1462995e-001
  5.1807229e-001
  5.1462995e-001
  5.1462995e-001
  5.1692484e-001
  5.1749857e-001
  5.1462995e-001
  5.1348250e-001
  5.1176133e-001
  5.1405622e-001
  5.1290878e-001
  5.1233505e-001
  5.1520367e-001
  5.1348250e-001
  5.1061388e-001
  5.1118761e-001
  5.0774527e-001
  5.1061388e-001
  5.1118761e-001
  5.1462995e-001
  5.1979346e-001
  5.1979346e-001
  5.1864601e-001
  5.2094091e-001
  5.2323580e-001
  5.2725186e-001
  5.2954676e-001
  5.3241538e-001
  5.3069421e-001
  5.3069421e-001
  5.2954676e-001
  5.2610442e-001
  5.2438325e-001
  5.1921974e-001
  5.1807229e-001
  5.1462995e-001
  5.1462995e-001
  5.0946644e-001
  5.1176133e-001
  5.1290878e-001
  5.1405622e-001
  5.1520367e-001
  5.1577740e-001
  5.1462995e-001
  5.1290878e-001
  5.0946644e-001
  5.0602410e-001
  5.0086059e-001
  4.9971314e-001
  4.9454963e-001
  4.8938612e-001
  4.9397590e-001
  4.9741824e-001
  4.9684452e-001
  4.9282846e-001
  4.8594378e-001
  4.8422260e-001
  4.8192771e-001
  4.8135399e-001
  4.8307516e-001
  4.8135399e-001
  4.8078026e-001
  4.7905909e-001
  4.7963282e-001
  4.7561675e-001
  4.7848537e-001
  4.7848537e-001
  4.8250143e-001
  4.9053356e-001
  5.0258176e-001
  5.2151463e-001
  5.4790591e-001
  5.8290304e-001
  6.2248996e-001
  6.5978199e-001
  6.8158348e-001
  6.7240390e-001
  6.3970166e-001
  5.8691910e-001
  5.3815261e-001
  5.0258176e-001
  4.8651750e-001
  4.8709122e-001
  4.9282846e-001
  5.0200803e-001
  5.1290878e-001
  5.2094091e-001
  5.1233505e-001
  4.9282846e-001
  4.6701090e-001
  4.5152037e-001
  4.5152037e-001
  4.6356856e-001
  4.8250143e-001
  4.8823867e-001
  4.9168101e-001
  4.9225473e-001
  4.8594378e-001
  4.8135399e-001
  4.8078026e-001
  4.8250143e-001
  4.8307516e-001
  4.8135399e-001
  4.8422260e-001
  4.8709122e-001
  4.8938612e-001
  4.9053356e-001
  4.9053356e-001
  4.8881239e-001
  4.8938612e-001
  4.8995984e-001
  4.8938612e-001
  4.9110729e-001
  4.9053356e-001
  4.9053356e-001
  4.9110729e-001
  4.8995984e-001
  4.9110729e-001
  4.8995984e-001
  4.9053356e-001
  4.8881239e-001
  4.8938612e-001
  4.8995984e-001
  4.9225473e-001
  4.8881239e-001
  4.8250143e-001
  4.8192771e-001
  4.8479633e-001
  4.8881239e-001
  4.9282846e-001
  4.9053356e-001
  4.8364888e-001
  4.8078026e-001
  4.8881239e-001
  4.9627080e-001
  4.9340218e-001
  4.8135399e-001
  4.7102697e-001
  4.6414228e-001
  4.6701090e-001
  4.8364888e-001
  4.9627080e-001
  5.0946644e-001
  5.2553069e-001
  5.4446357e-001
  5.5077453e-001
  5.3815261e-001
  5.0831899e-001
  4.8881239e-001
  4.8078026e-001
  4.9454963e-001
  5.1233505e-001
  5.2725186e-001
  5.3126793e-001
  5.2094091e-001
  5.0659782e-001
  4.9741824e-001
  5.0430293e-001
  5.1061388e-001
  5.2094091e-001
  5.2897303e-001
  5.2495697e-001
  5.1635112e-001
  5.0258176e-001
  4.9512335e-001
  4.9741824e-001
  5.0545037e-001
  5.1405622e-001
  5.1462995e-001
  5.0487665e-001
  5.0315548e-001
  5.1118761e-001
  5.1921974e-001
  5.2208835e-001
  5.1577740e-001
  5.1520367e-001
  5.2725186e-001
  5.3643144e-001
  5.3471027e-001
  5.3757889e-001
  5.4733219e-001
  5.5479059e-001
  5.5306942e-001
  5.3930006e-001
  5.3184165e-001
  5.3012048e-001
  5.4044750e-001
  5.5651176e-001
  5.6798623e-001
  5.6569134e-001
  5.5536431e-001
  5.3528399e-001
  5.1921974e-001
  5.2036718e-001
  5.3930006e-001
  5.6397017e-001
  5.7659208e-001
  5.6626506e-001
  5.4388985e-001
  5.2839931e-001
  5.2036718e-001
  5.2495697e-001
  5.2954676e-001
  5.3356282e-001
  5.2725186e-001
  5.1348250e-001
  4.9741824e-001
  4.8823867e-001
  4.9282846e-001
  4.9971314e-001
  5.0602410e-001
  5.1061388e-001
  5.1692484e-001
  5.1921974e-001
  5.1462995e-001
  5.0602410e-001
  5.0258176e-001
  5.0659782e-001
  5.1348250e-001
  5.2438325e-001
  5.3930006e-001
  5.5020080e-001
  5.6855995e-001
  6.0413081e-001
  6.5232358e-001
  7.0223752e-001
  7.2002295e-001
  7.0567986e-001
  6.6896156e-001
  6.1560528e-001
  5.5536431e-001
  5.0946644e-001
  4.9110729e-001
  4.8594378e-001
  4.9282846e-001
  4.9856569e-001
  5.0315548e-001
  5.0258176e-001
  5.0200803e-001
  5.0372920e-001
  5.2208835e-001
  5.4790591e-001
  5.6454389e-001
  5.4274240e-001
  5.0659782e-001
  4.7619048e-001
  4.7389558e-001
  4.9340218e-001
  5.2036718e-001
  5.3643144e-001
  5.3757889e-001
  5.3298910e-001
  5.3069421e-001
  5.4216867e-001
  5.5134825e-001
  5.5134825e-001
  5.4216867e-001
  5.3471027e-001
  5.4847963e-001
  5.7888698e-001
  5.9150889e-001
  5.7487091e-001
  5.3356282e-001
  4.9741824e-001
  4.9397590e-001
  5.1807229e-001
  5.4388985e-001
  5.6052783e-001
  5.7028112e-001
  5.8347676e-001
  5.7773953e-001
  5.4962708e-001
  5.1807229e-001
  5.0946644e-001
  5.2495697e-001
  5.5364314e-001
  5.7028112e-001
  5.7659208e-001
  5.7659208e-001
  5.7716581e-001
  5.6626506e-001
  5.4675846e-001
  5.4618474e-001
  5.5708548e-001
  5.6339644e-001
  5.4216867e-001
  5.2208835e-001
  5.2839931e-001
  5.7487091e-001
  6.1962134e-001
  6.2535858e-001
  5.9093517e-001
  5.5708548e-001
  5.5134825e-001
  5.5593804e-001
  5.4388985e-001
  5.3012048e-001
  5.2610442e-001
  5.3930006e-001
  5.5938038e-001
  5.5938038e-001
  5.3643144e-001
  5.1233505e-001
  5.1692484e-001
  5.4331612e-001
  5.6569134e-001
  5.6454389e-001
  5.4675846e-001
  5.3528399e-001
  5.3012048e-001
  5.4159495e-001
  5.6339644e-001
  5.8978772e-001
  5.9954102e-001
  5.7888698e-001
  5.3757889e-001
  5.0717154e-001
  5.0372920e-001
  5.2610442e-001
  5.6741251e-001
  6.0355709e-001
  6.1675273e-001
  6.1044177e-001
  5.9036145e-001
  5.6052783e-001
  5.5134825e-001
  5.5995410e-001
  5.6511761e-001
  5.6511761e-001
  5.6511761e-001
  5.6913368e-001
  5.7716581e-001
  5.9208262e-001
  6.0068847e-001
  5.9667240e-001
  5.8691910e-001
  5.8232932e-001
  5.8749283e-001
  5.9437751e-001
  6.0011474e-001
  6.0126219e-001
  5.8405049e-001
  5.6052783e-001
  5.4675846e-001
  5.5995410e-001
  5.8175559e-001
  6.0183592e-001
  5.9437751e-001
  5.6110155e-001
  5.3184165e-001
  5.3241538e-001
  5.5593804e-001
  5.6741251e-001
  5.6167527e-001
  5.5134825e-001
  5.5306942e-001
  5.5536431e-001
  5.5306942e-001
  5.3757889e-001
  5.2667814e-001
  5.2438325e-001
  5.4733219e-001
  5.7946070e-001
  6.0355709e-001
  5.9896730e-001
  5.7429719e-001
  5.3643144e-001
  5.0372920e-001
  4.9799197e-001
  5.2438325e-001
  5.6167527e-001
  5.9495123e-001
  6.0699943e-001
  5.9265634e-001
  5.7200229e-001
  5.7831325e-001
  6.1560528e-001
  6.7641997e-001
  7.3551348e-001
  7.6534710e-001
  7.4526678e-001
  6.9420539e-001
  6.2765347e-001
  5.6855995e-001
  5.2667814e-001
  5.1749857e-001
  5.3471027e-001
  5.5765921e-001
  5.7487091e-001
  5.7200229e-001
  5.6282272e-001
  5.6110155e-001
  5.6970740e-001
  5.7601836e-001
  5.7946070e-001
  5.6741251e-001
  5.6110155e-001
  5.5938038e-001
  5.6339644e-001
  5.6798623e-001
  5.6511761e-001
  5.5995410e-001
  5.6282272e-001
  5.7200229e-001
  5.8749283e-001
  5.9437751e-001
  5.8118187e-001
  5.6282272e-001
  5.5938038e-001
  5.6224900e-001
  5.6110155e-001
  5.4216867e-001
  5.3069421e-001
  5.3012048e-001
  5.3012048e-001
  5.2839931e-001
  5.2839931e-001
  5.2667814e-001
  5.2725186e-001
  5.2380952e-001
  5.2667814e-001
  5.2610442e-001
  5.2553069e-001
  5.2725186e-001
  5.2380952e-001
  5.1864601e-001
  5.1290878e-001
  5.1233505e-001
  5.0889271e-001
  5.0487665e-001
  4.9856569e-001
  4.9282846e-001
  4.9627080e-001
  5.0200803e-001
  5.0659782e-001
  5.0774527e-001
  5.0659782e-001
  5.0315548e-001
  5.0487665e-001
  5.0487665e-001
  5.1004016e-001
  5.0946644e-001
  5.1405622e-001
  5.1692484e-001
  5.1979346e-001
  5.1921974e-001
  5.1807229e-001
  5.1233505e-001
  5.1233505e-001
  5.1749857e-001
  5.2438325e-001
  5.2954676e-001
  5.3585772e-001
  5.3872633e-001
  5.3872633e-001
  5.3471027e-001
  5.2610442e-001
  5.1979346e-001
  5.1864601e-001
  5.2094091e-001
  5.2839931e-001
  5.3413655e-001
  5.3528399e-001
  5.3413655e-001
  5.3528399e-001
  5.3471027e-001
  5.3528399e-001
  5.3471027e-001
  5.3930006e-001
  5.4159495e-001
  5.4503729e-001
  5.4503729e-001
  5.4905336e-001
  5.4675846e-001
  5.4675846e-001
  5.5077453e-001
  5.5421687e-001
  5.5823293e-001
  5.5708548e-001
  5.5421687e-001
  5.5306942e-001
  5.4962708e-001
  5.5134825e-001
  5.5077453e-001
  5.4905336e-001
  5.4675846e-001
  5.4446357e-001
  5.4446357e-001
  5.4446357e-001
  5.4274240e-001
  5.4446357e-001
  5.4274240e-001
  5.4102123e-001
  5.4044750e-001
  5.4388985e-001
  5.4446357e-001
  5.4044750e-001
  5.3356282e-001
  5.1921974e-001
  5.0946644e-001
  5.1061388e-001
  5.1577740e-001
  5.1577740e-001
  5.0889271e-001
  4.9168101e-001
  4.7389558e-001
  4.7274814e-001
  4.8307516e-001
  4.8135399e-001
  4.7791165e-001
  4.6586345e-001
  4.5209409e-001
  4.4578313e-001
  4.4635686e-001
  4.4750430e-001
  4.5553643e-001
  4.5783133e-001
  4.5783133e-001
  4.5668388e-001
  4.5611015e-001
  4.5438898e-001
  4.6414228e-001
  4.7332186e-001
  4.8651750e-001
  5.0200803e-001
  5.2553069e-001
  5.6224900e-001
  6.1158921e-001
  6.6322433e-001
  6.9133678e-001
  6.8330465e-001
  6.4314400e-001
  5.8232932e-001
  5.2553069e-001
  4.9168101e-001
  4.8250143e-001
  5.0487665e-001
  5.2553069e-001
  5.4159495e-001
  5.4388985e-001
  5.3757889e-001
  5.3413655e-001
  5.3643144e-001
  5.4962708e-001
  5.6110155e-001
  5.6798623e-001
  5.7028112e-001
  5.6626506e-001
  5.5880666e-001
  5.5593804e-001
  5.5134825e-001
  5.5708548e-001
  5.6052783e-001
  5.6167527e-001
  5.5880666e-001
  5.5880666e-001
  5.5880666e-001
  5.5593804e-001
  5.4561102e-001
  5.3471027e-001
  5.3069421e-001
  5.4102123e-001
  5.5077453e-001
  5.5593804e-001
  5.5651176e-001
  5.5479059e-001
  5.5077453e-001
  5.4561102e-001
  5.4102123e-001
  5.3643144e-001
  5.2954676e-001
  5.2151463e-001
  5.1635112e-001
  5.1061388e-001
  5.0946644e-001
  5.1520367e-001
  5.1749857e-001
  5.1233505e-001
  5.0372920e-001
  4.9397590e-001
  4.8422260e-001
  4.7963282e-001
  4.7905909e-001
  4.7446931e-001
  4.7102697e-001
  4.6873207e-001
  4.6528973e-001
  4.6758462e-001
  4.7102697e-001
  4.7102697e-001
  4.6701090e-001
  4.5955250e-001
  4.6414228e-001
  4.6414228e-001
  4.6987952e-001
  4.6815835e-001
  4.6758462e-001
  4.6528973e-001
  4.6586345e-001
  4.6528973e-001
  4.5897877e-001
  4.6299484e-001
  4.6356856e-001
  4.6356856e-001
  4.5897877e-001
  4.5725760e-001
  4.5438898e-001
  4.5438898e-001
  4.5324154e-001
  4.5496271e-001
  4.5783133e-001
  4.5725760e-001
  4.5783133e-001
  4.5324154e-001
  4.4807803e-001
  4.4635686e-001
  4.4578313e-001
  4.4693058e-001
  4.5094664e-001
  4.5955250e-001
  4.6356856e-001
  4.6184739e-001
  4.5553643e-001
  4.5324154e-001
  4.6012622e-001
  4.7676420e-001
  4.9913941e-001
  5.1807229e-001
  5.1061388e-001
  4.8651750e-001
  4.5840505e-001
  4.3602983e-001
  4.3086632e-001
  4.2971888e-001
  4.3947217e-001
  4.5266781e-001
  4.5840505e-001
  4.6069994e-001
  4.5611015e-001
  4.4979920e-001
  4.4406196e-001
  4.4291452e-001
  4.4119334e-001
  4.4807803e-001
  4.4979920e-001
  4.5209409e-001
  4.5094664e-001
  4.4693058e-001
  4.4578313e-001
  4.4291452e-001
  4.4291452e-001
  4.4234079e-001
  4.4234079e-001
  4.4234079e-001
  4.3947217e-001
  4.3717728e-001
  4.3775100e-001
  4.4061962e-001
  4.4061962e-001
  4.3717728e-001
  4.2398164e-001
  4.1767068e-001
  4.2053930e-001
  4.2570281e-001
  4.3086632e-001
  4.3201377e-001
  4.3029260e-001
  4.3086632e-001
  4.3430866e-001
  4.4176707e-001
  4.5955250e-001
  4.8881239e-001
  5.2954676e-001
  5.8232932e-001
  6.4199656e-001
  6.8215720e-001
  6.7355135e-001
  6.2593230e-001
  5.6052783e-001
  5.0372920e-001
  4.6643718e-001
  4.5037292e-001
  4.4004590e-001
  4.3258749e-001
  4.3430866e-001
  4.4635686e-001
  4.5897877e-001
  4.6643718e-001
  4.6127367e-001
  4.5152037e-001
  4.4291452e-001
  4.3832473e-001
  4.3832473e-001
  4.4520941e-001
  4.4348824e-001
  4.4291452e-001
  4.3832473e-001
  4.3086632e-001
  4.3144005e-001
  4.2971888e-001
  4.2914515e-001
  4.2857143e-001
  4.3086632e-001
  4.3775100e-001
  4.4807803e-001
  4.5266781e-001
  4.4520941e-001
  4.2742398e-001
  4.0906483e-001
  4.0275387e-001
  4.1078600e-001
  4.2914515e-001
  4.4578313e-001
  4.4865175e-001
  4.3832473e-001
  4.2685026e-001
  4.2168675e-001
  4.2627653e-001
  4.3545611e-001
  4.4234079e-001
  4.3775100e-001
  4.3373494e-001
  4.2857143e-001
  4.2971888e-001
  4.2685026e-001
  4.1652324e-001
  4.1652324e-001
  4.1365462e-001
  4.1709696e-001
  4.1709696e-001
  4.1078600e-001
  4.0676994e-001
  4.0562249e-001
  4.1308090e-001
  4.2283419e-001
  4.2857143e-001
  4.3201377e-001
  4.3029260e-001
  4.2455536e-001
  4.2168675e-001
  4.2742398e-001
  4.3316122e-001
  4.4291452e-001
  4.5438898e-001
  4.5897877e-001
  4.5897877e-001
  4.5897877e-001
  4.5840505e-001
  4.6242111e-001
  4.6815835e-001
  4.6815835e-001
  4.6586345e-001
  4.6299484e-001
  4.6069994e-001
  4.6586345e-001
  4.7160069e-001
  4.7446931e-001
  4.7332186e-001
  4.6414228e-001
  4.5840505e-001
  4.5266781e-001
  4.5783133e-001
  4.6356856e-001
  4.6586345e-001
  4.6701090e-001
  4.6758462e-001
  4.6127367e-001
  4.6414228e-001
  4.6528973e-001
  4.7102697e-001
  4.7217441e-001
  4.7504303e-001
  4.8766495e-001
  5.0487665e-001
  5.2208835e-001
  5.1577740e-001
  4.8938612e-001
  4.6701090e-001
  4.6528973e-001
  4.7733792e-001
  4.9799197e-001
  5.0545037e-001
  4.9913941e-001
  4.8537005e-001
  4.7791165e-001
  4.8020654e-001
  4.8938612e-001
  4.9971314e-001
  4.9627080e-001
  4.8823867e-001
  4.9454963e-001
  5.1348250e-001
  5.2495697e-001
  5.1348250e-001
  4.9741824e-001
  4.9225473e-001
  5.0086059e-001
  5.0774527e-001
  5.1118761e-001
  5.1290878e-001
  5.1807229e-001
  5.2036718e-001
  5.2036718e-001
  5.1692484e-001
  5.0946644e-001
  5.0143431e-001
  4.9627080e-001
  5.0200803e-001
  5.1290878e-001
  5.1692484e-001
  5.1061388e-001
  5.0545037e-001
  5.0831899e-001
  5.1520367e-001
  5.1520367e-001
  4.9971314e-001
  4.9110729e-001
  4.9168101e-001
  5.0028686e-001
  5.1921974e-001
  5.3872633e-001
  5.4847963e-001
  5.4561102e-001
  5.4618474e-001
  5.5651176e-001
  5.8405049e-001
  6.1962134e-001
  6.6838784e-001
  7.1428571e-001
  7.3321859e-001
  7.1428571e-001
  6.6609294e-001
  6.0413081e-001
  5.3643144e-001
  4.9569707e-001
  4.9282846e-001
  5.1061388e-001
  5.3241538e-001
  5.3700516e-001
  5.1864601e-001
  4.9856569e-001
  4.9110729e-001
  4.9684452e-001
  4.9799197e-001
  4.9799197e-001
  5.0258176e-001
  5.0774527e-001
  4.9397590e-001
  4.8192771e-001
  4.7963282e-001
  4.9340218e-001
  5.0258176e-001
  4.8881239e-001
  4.6930579e-001
  4.5611015e-001
  4.5725760e-001
  4.6758462e-001
  4.8020654e-001
  4.7561675e-001
  4.5381526e-001
  4.3660356e-001
  4.4291452e-001
  4.6643718e-001
  4.7217441e-001
  4.5553643e-001
  4.4234079e-001
  4.3889845e-001
  4.4520941e-001
  4.4750430e-001
  4.5037292e-001
  4.5324154e-001
  4.5209409e-001
  4.4520941e-001
  4.3488239e-001
  4.3602983e-001
  4.5266781e-001
  4.6643718e-001
  4.6127367e-001
  4.4693058e-001
  4.3316122e-001
  4.3602983e-001
  4.5037292e-001
  4.6528973e-001
  4.6758462e-001
  4.7561675e-001
  4.9512335e-001
  5.1348250e-001
  5.1520367e-001
  5.0831899e-001
  5.0200803e-001
  5.1462995e-001
  5.3872633e-001
  5.5306942e-001
  5.6167527e-001
  5.7200229e-001
  5.8978772e-001
  6.0757315e-001
  5.9437751e-001
  5.5880666e-001
  5.2667814e-001
  5.1692484e-001
  5.2495697e-001
  5.4733219e-001
  5.7372347e-001
  5.9954102e-001
  5.8921400e-001
  5.5192197e-001
  5.2438325e-001
  5.3585772e-001
  5.6913368e-001
  5.7257602e-001
  5.4102123e-001
  5.1118761e-001
  5.2208835e-001
  5.6569134e-001
  6.0642570e-001
  6.0527826e-001
  5.6970740e-001
  5.2954676e-001
  5.2266208e-001
  5.5938038e-001
  5.9667240e-001
  6.0527826e-001
  5.8691910e-001
  5.6569134e-001
  5.6282272e-001
  5.7314974e-001
  5.7200229e-001
  5.6626506e-001
  5.6052783e-001
  5.6569134e-001
  5.7831325e-001
  5.9208262e-001
  6.0872060e-001
  6.1962134e-001
  6.3109581e-001
  6.3511188e-001
  6.3740677e-001
  6.4716007e-001
  6.5519220e-001
  6.5347103e-001
  6.2822719e-001
  5.9954102e-001
  5.9724613e-001
  6.2363741e-001
  6.4429145e-001
  6.3281698e-001
  5.9495123e-001
  5.5765921e-001
  5.5593804e-001
  5.9208262e-001
  6.2019507e-001
  6.0298336e-001
  5.6454389e-001
  5.3815261e-001
  5.4618474e-001
  5.7200229e-001
  5.9552496e-001
  6.0757315e-001
  6.2593230e-001
  6.4084911e-001
  6.5232358e-001
  6.5060241e-001
  6.4371773e-001
  6.4486517e-001
  6.5748709e-001
  6.7469880e-001
  6.8273092e-001
  6.8617326e-001
  6.9420539e-001
  7.1715433e-001
  7.5616753e-001
  7.9403328e-001
  8.1985083e-001
  8.2903041e-001
  8.2673551e-001
  8.2214573e-001
  8.1640849e-001
  7.8944349e-001
  7.3551348e-001
  6.7297762e-001
  6.3052209e-001
  5.9667240e-001
  5.6626506e-001
  5.5134825e-001
  5.5536431e-001
  5.6569134e-001
  5.6397017e-001
  5.6454389e-001
  5.7773953e-001
  6.0527826e-001
  6.1273666e-001
  5.7314974e-001
  5.0946644e-001
  4.7791165e-001
  4.8709122e-001
  5.2036718e-001
  5.3528399e-001
  5.1979346e-001
  4.8135399e-001
  4.4693058e-001
  4.2627653e-001
  4.2398164e-001
  4.3660356e-001
  4.5897877e-001
  4.6242111e-001
  4.5438898e-001
  4.3947217e-001
  4.4234079e-001
  4.5611015e-001
  4.7791165e-001
  4.9799197e-001
  5.0946644e-001
  5.0258176e-001
  4.8651750e-001
  4.8881239e-001
  5.2151463e-001
  5.5192197e-001
  5.5938038e-001
  5.4446357e-001
  5.3643144e-001
  5.4618474e-001
  5.6741251e-001
  6.0527826e-001
  6.3339071e-001
  6.2076879e-001
  5.8232932e-001
  5.5708548e-001
  5.4733219e-001
  5.4618474e-001
  5.5823293e-001
  5.7314974e-001
  5.7716581e-001
  5.6741251e-001
  5.5020080e-001
  5.3930006e-001
  5.4044750e-001
  5.5020080e-001
  5.6224900e-001
  5.7200229e-001
  5.8060815e-001
  5.9839357e-001
  6.1445783e-001
  6.0757315e-001
  5.7372347e-001
  5.4790591e-001
  5.4675846e-001
  5.6569134e-001
  5.8691910e-001
  6.0872060e-001
  6.2822719e-001
  6.4027539e-001
  6.4314400e-001
  6.4027539e-001
  6.3625932e-001
  6.3453815e-001
  6.3683305e-001
  6.3912794e-001
  6.4429145e-001
  6.4314400e-001
  6.2880092e-001
  6.1158921e-001
  5.9667240e-001
  5.9323006e-001
  5.8978772e-001
  5.8864028e-001
  5.8232932e-001
  5.8405049e-001
  5.9724613e-001
  6.1847390e-001
  6.2248996e-001
  5.9954102e-001
  5.7314974e-001
  5.6224900e-001
  5.6626506e-001
  5.8405049e-001
  6.0757315e-001
  6.2535858e-001
  6.4257028e-001
  6.5060241e-001
  6.5232358e-001
  6.5404475e-001
  6.5633964e-001
  6.5806081e-001
  6.6551922e-001
  6.6265060e-001
  6.6322433e-001
  6.6322433e-001
  6.6207688e-001
  6.6437177e-001
  6.6666667e-001
  6.6494550e-001
  6.5806081e-001
  6.5691337e-001
  6.5633964e-001
  6.5347103e-001
  6.5174986e-001
  6.4830752e-001
  6.4486517e-001
  6.3683305e-001
  6.2880092e-001
  6.2191624e-001
  6.1044177e-001
  6.0470453e-001
  5.9495123e-001
  5.8060815e-001
  5.7028112e-001
  5.6339644e-001
  5.5708548e-001
  5.5536431e-001
  5.5364314e-001
  5.4618474e-001
  5.4102123e-001
  5.3987378e-001
  5.3872633e-001
  5.3987378e-001
  5.4733219e-001
  5.5995410e-001
  5.8347676e-001
  6.1445783e-001
  6.4773379e-001
  6.8904188e-001
  7.2231784e-001
  7.4526678e-001
  7.4010327e-001
  7.1256454e-001
  6.6781411e-001
  6.1044177e-001
  5.5593804e-001
  5.2323580e-001
  5.1921974e-001
  5.3643144e-001
  5.5421687e-001
  5.6913368e-001
  5.7831325e-001
  5.8060815e-001
  5.7659208e-001
  5.6970740e-001
  5.6683878e-001
  5.6741251e-001
  5.6741251e-001
  5.6798623e-001
  5.6397017e-001
  5.5880666e-001
  5.5823293e-001
  5.6052783e-001
  5.6110155e-001
  5.5880666e-001
  5.5192197e-001
  5.4847963e-001
  5.4675846e-001
  5.4561102e-001
  5.4561102e-001
  5.4388985e-001
  5.4216867e-001
  5.3585772e-001
  5.3413655e-001
  5.3069421e-001
  5.3356282e-001
  5.3413655e-001
  5.3413655e-001
  5.3012048e-001
  5.2782559e-001
  5.2610442e-001
  5.2266208e-001
  5.2438325e-001
  5.2667814e-001
  5.3069421e-001
  5.3356282e-001
  5.3126793e-001
  5.2897303e-001
  5.3069421e-001
  5.3356282e-001
  5.3585772e-001
  5.3413655e-001
  5.3356282e-001
  5.3184165e-001
  5.3069421e-001
  5.3184165e-001
  5.3241538e-001
  5.3298910e-001
  5.2954676e-001
  5.2610442e-001
  5.2380952e-001
  5.2380952e-001
  5.2610442e-001
  5.2266208e-001
  5.2036718e-001
  5.1749857e-001
  5.1807229e-001
  5.1807229e-001
  5.1749857e-001
  5.1577740e-001
  5.1635112e-001
  5.1520367e-001
  5.1118761e-001
  5.0831899e-001
  5.0487665e-001
  5.0602410e-001
  5.0717154e-001
  5.0487665e-001
  5.0602410e-001
  5.0717154e-001
  5.0659782e-001
  5.0946644e-001
  5.1233505e-001
  5.1462995e-001
  5.1462995e-001
  5.1348250e-001
  5.1979346e-001
  5.2380952e-001
  5.2553069e-001
  5.2553069e-001
  5.2839931e-001
  5.3298910e-001
  5.3471027e-001
  5.3643144e-001
  5.3930006e-001
  5.4216867e-001
  5.4274240e-001
  5.4159495e-001
  5.3872633e-001
  5.3757889e-001
  5.3012048e-001
  5.3241538e-001
  5.3241538e-001
  5.3126793e-001
  5.2782559e-001
  5.2438325e-001
  5.1807229e-001
  5.1004016e-001
  5.0602410e-001
  5.0372920e-001
  5.0200803e-001
  5.0143431e-001
  4.9741824e-001
  4.9569707e-001
  4.9512335e-001
  4.9799197e-001
  4.9282846e-001
  4.8881239e-001
  4.8364888e-001
  4.8078026e-001
  4.7733792e-001
  4.7676420e-001
  4.7733792e-001
  4.7561675e-001
  4.6987952e-001
  4.6069994e-001
  4.5611015e-001
  4.5209409e-001
  4.5209409e-001
  4.5324154e-001
  4.5209409e-001
  4.5381526e-001
  4.5381526e-001
  4.5897877e-001
  4.5897877e-001
  4.6356856e-001
  4.7102697e-001
  4.8479633e-001
  5.0602410e-001
  5.3184165e-001
  5.7028112e-001
  6.0929432e-001
  6.4601262e-001
  6.5519220e-001
  6.3912794e-001
  5.9781985e-001
  5.4159495e-001
  4.8709122e-001
  4.5840505e-001
  4.6069994e-001
  4.6701090e-001
  4.7905909e-001
  4.8422260e-001
  4.8709122e-001
  4.8594378e-001
  4.8823867e-001
  4.8995984e-001
  4.9856569e-001
  5.0372920e-001
  5.0717154e-001
  5.0717154e-001
  5.0602410e-001
  5.0487665e-001
  5.0086059e-001
  4.9799197e-001
  4.9512335e-001
  4.9282846e-001
  4.8995984e-001
  4.8995984e-001
  4.9110729e-001
  4.9454963e-001
  4.9569707e-001
  4.9741824e-001
  4.9684452e-001
  5.0028686e-001
  4.9971314e-001
  5.0028686e-001
